874 1852
0 1
2 3
4 5
6 7
8 9
10 11
10 12
10 13
10 14
10 15
16 17
16 18
19 20
21 22
21 20
23 24
23 25
26 27
26 28
26 29
30 31
30 32
30 33
30 34
30 35
30 36
30 37
30 38
30 39
30 40
30 41
30 42
30 43
30 44
30 18
30 45
30 46
30 47
30 48
30 49
30 50
30 51
52 53
52 54
55 56
55 57
58 59
60 61
60 62
60 63
60 64
65 66
67 68
67 69
70 71
72 73
74 75
76 77
78 31
25 23
25 79
25 80
25 81
25 82
83 84
83 85
86 87
86 88
86 89
86 90
91 92
91 93
94 44
28 26
95 96
95 97
98 99
98 100
98 101
98 102
98 50
98 103
98 104
98 105
98 106
98 107
98 108
98 109
110 111
112 18
112 113
112 114
112 51
112 31
112 115
116 117
118 119
120 121
122 123
124 125
126 46
126 41
126 18
126 127
126 128
126 32
126 129
126 51
130 131
132 133
111 134
135 136
135 137
135 138
135 139
135 140
135 141
141 135
142 50
142 143
144 145
144 146
131 147
131 148
149 150
151 18
151 152
153 154
153 155
156 18
156 51
157 158
46 32
46 159
46 160
46 30
46 126
161 35
133 112
133 50
133 162
133 47
133 36
163 164
163 165
166 31
167 168
167 169
3 170
171 172
171 173
171 174
175 176
177 178
177 179
177 180
177 181
177 182
177 183
177 184
185 63
186 187
186 188
186 63
186 189
190 34
190 191
192 40
192 193
194 195
194 196
197 198
197 148
197 147
197 199
197 182
197 200
197 183
197 178
201 50
202 51
203 204
205 206
205 207
208 209
210 211
212 213
214 92
84 85
84 83
50 215
50 216
50 217
50 218
50 18
50 219
50 220
50 49
50 221
50 222
50 31
50 201
50 34
50 223
50 142
50 224
50 225
50 39
50 226
50 30
50 108
50 38
50 92
50 93
50 227
50 228
50 33
50 229
50 98
50 51
50 133
50 230
50 47
50 231
50 40
50 35
232 233
232 234
235 187
236 237
238 239
240 241
242 243
242 244
245 246
245 247
245 248
117 116
249 45
250 4
251 252
253 254
253 114
255 256
257 188
216 50
216 220
258 259
258 260
258 103
258 261
258 108
262 18
262 44
262 263
262 34
262 264
265 266
265 239
265 267
265 268
265 269
265 238
270 271
270 272
273 274
273 275
276 277
278 18
279 114
279 280
279 281
279 263
279 42
279 113
162 133
282 40
282 43
283 284
283 285
286 287
288 32
289 145
289 144
289 290
289 291
292 293
292 56
294 295
294 50
294 223
85 84
85 83
296 69
296 18
297 298
297 35
297 299
300 301
300 302
300 303
63 185
63 304
63 305
63 187
63 306
63 211
63 307
63 308
261 259
261 258
309 310
309 18
311 271
109 102
109 98
109 51
109 105
109 103
109 4
109 174
109 50
109 100
109 108
109 312
109 313
109 106
109 314
109 49
109 5
315 178
315 88
316 317
316 259
316 100
316 34
316 47
97 95
318 18
32 46
32 35
32 31
32 319
32 18
32 45
32 320
32 43
32 288
32 50
32 321
32 126
32 44
32 30
32 128
32 34
32 174
187 63
187 322
187 186
187 323
187 64
187 324
187 325
187 317
187 235
187 259
17 16
326 327
328 113
329 330
329 331
231 219
231 50
231 332
231 333
324 187
324 5
222 108
222 334
222 225
222 50
222 335
222 109
222 104
222 336
337 30
337 49
337 36
337 338
337 48
337 18
337 50
337 51
337 35
339 281
103 98
103 50
103 312
103 105
103 99
103 100
103 106
158 157
340 45
340 18
340 291
248 325
248 341
248 245
248 50
248 342
248 343
248 344
56 293
56 345
56 57
56 55
346 347
348 349
350 351
352 68
353 18
269 354
269 290
269 111
355 356
355 357
355 358
355 359
267 314
105 106
105 360
105 361
105 100
105 103
105 98
182 184
182 181
182 362
182 199
182 200
182 183
182 178
182 197
182 363
182 180
182 179
182 177
312 364
365 51
180 183
180 200
180 182
366 367
368 369
368 370
371 372
371 373
371 374
375 275
247 50
247 51
247 174
376 322
229 377
229 378
229 379
229 380
229 50
229 263
229 381
229 18
229 382
383 293
384 385
347 346
225 336
225 108
225 259
225 50
225 325
225 39
225 49
225 222
41 386
41 387
388 35
388 226
389 390
128 126
128 260
391 392
164 393
164 141
164 163
394 183
394 260
394 395
394 109
394 103
394 396
394 108
397 102
398 399
398 400
204 203
204 401
402 403
104 98
104 49
104 102
104 99
104 106
104 100
404 405
404 337
399 398
399 406
399 407
408 409
410 51
183 363
183 200
183 177
183 411
183 264
183 412
183 181
183 308
183 199
183 394
183 413
183 414
183 147
183 148
183 178
183 415
183 416
183 182
183 417
183 198
183 180
183 184
35 161
35 281
35 418
35 49
35 30
35 226
35 18
35 50
35 419
35 42
35 51
35 321
35 420
35 34
35 297
35 388
421 308
356 357
356 355
356 359
356 358
403 402
239 238
314 220
314 422
314 51
314 312
314 48
314 109
314 216
314 108
314 222
314 423
314 424
314 425
314 215
314 230
314 426
268 427
428 429
430 431
432 194
432 433
434 435
436 18
277 276
277 437
226 42
226 281
226 35
226 418
226 388
438 439
438 331
61 60
440 317
441 442
441 443
441 444
441 445
441 446
441 447
441 274
441 448
441 449
441 450
441 317
441 451
452 325
263 279
263 262
263 114
263 229
263 18
263 453
263 454
263 42
263 280
455 456
455 12
455 457
455 458
455 459
228 247
460 461
462 114
148 415
148 198
148 463
148 200
148 147
148 183
148 197
464 114
465 466
467 100
308 259
308 183
308 431
308 468
308 63
308 421
18 50
18 469
18 470
18 309
18 68
18 471
18 263
18 151
18 126
18 472
18 380
18 44
18 473
18 474
18 31
18 453
18 112
18 475
18 284
18 318
18 262
18 47
18 476
18 382
18 156
18 340
18 477
18 237
18 337
18 36
18 478
18 413
18 278
18 479
18 114
18 377
18 480
18 51
18 35
18 481
18 482
18 30
18 353
18 483
18 484
18 485
18 486
18 436
18 34
18 42
18 32
18 487
18 488
18 229
18 405
18 381
18 379
18 296
18 489
490 491
168 167
168 169
200 180
200 197
200 415
200 183
200 147
200 148
492 493
494 331
494 495
496 497
496 498
496 34
499 500
351 350
501 502
501 202
357 359
357 358
357 355
357 356
359 358
359 355
359 357
359 356
503 464
426 314
504 505
504 506
507 508
42 18
42 425
42 31
42 114
42 509
42 30
42 113
42 45
42 41
42 50
42 279
42 44
42 226
42 263
42 35
42 262
42 281
42 51
42 49
42 280
42 510
42 453
42 34
511 36
93 91
93 92
93 50
93 512
155 153
385 248
385 384
513 514
515 331
516 517
516 518
516 519
516 520
516 234
516 521
48 30
48 337
48 248
48 216
48 50
48 220
48 314
474 18
474 522
260 259
260 103
260 128
260 395
523 405
198 197
198 147
198 415
198 183
198 148
524 191
524 63
524 34
524 188
221 50
525 526
525 527
525 528
529 473
529 485
529 530
529 531
532 533
534 535
377 380
377 18
377 536
377 229
377 470
470 18
470 377
473 485
473 537
473 531
473 529
473 538
473 18
473 539
473 530
540 151
541 259
542 543
390 544
545 546
51 44
51 113
51 4
51 547
51 365
51 314
51 334
51 49
51 548
51 126
51 156
51 5
51 35
51 202
51 399
51 50
51 410
51 470
51 549
51 43
51 18
51 34
550 43
550 51
550 399
550 174
550 547
333 231
551 552
551 553
551 554
551 555
556 47
264 262
264 34
264 510
54 52
538 531
538 530
538 473
538 485
538 529
196 194
557 558
559 560
561 544
562 563
562 564
565 63
565 222
566 256
566 29
566 486
567 568
567 152
569 491
570 42
570 310
549 51
549 317
549 42
549 571
497 496
572 354
572 495
573 574
439 331
575 22
113 112
113 279
113 42
113 328
576 577
578 579
380 377
580 448
429 581
429 428
317 108
317 187
317 440
317 259
582 49
143 142
49 34
49 43
49 35
49 222
49 44
49 50
49 47
49 18
49 225
49 38
49 223
49 582
49 104
49 109
49 51
49 335
49 39
49 30
271 270
271 272
583 584
419 379
419 582
419 226
419 418
419 35
419 377
419 388
419 253
585 32
586 587
79 588
79 589
590 591
590 592
73 72
154 155
154 153
100 98
100 106
100 102
100 103
100 467
100 99
100 109
100 104
100 105
593 594
595 596
597 461
597 349
199 184
199 363
199 415
199 183
199 598
199 463
599 266
599 231
600 425
325 452
325 259
325 225
325 336
325 187
601 602
412 183
412 182
370 368
603 250
604 219
604 63
604 373
605 576
605 577
544 561
544 606
280 114
607 214
108 336
108 556
108 105
108 103
108 106
108 335
108 222
108 4
108 50
108 325
108 98
108 259
108 395
108 225
108 5
108 18
108 334
608 609
610 239
610 535
424 230
424 373
64 187
327 611
327 326
571 317
571 100
612 613
184 598
184 614
184 177
184 199
184 363
615 616
615 617
618 550
234 232
310 188
310 619
310 570
310 309
620 621
622 248
623 203
624 83
624 625
624 581
624 626
624 317
193 192
188 50
188 310
188 627
188 186
188 63
188 68
165 141
628 629
630 272
449 238
449 441
537 473
508 507
107 253
107 191
107 509
107 42
107 631
107 98
107 539
107 473
632 211
632 633
632 634
635 636
635 637
635 39
323 187
323 225
638 248
638 103
638 325
638 108
638 259
291 289
291 529
291 485
291 639
291 640
641 642
125 263
125 124
125 643
106 98
106 108
106 105
106 104
106 109
106 100
621 620
621 51
274 364
12 68
12 323
36 18
36 45
36 133
36 50
36 44
36 43
36 511
36 34
36 337
36 35
36 644
36 645
36 31
36 47
36 30
36 646
387 41
387 386
179 183
179 178
179 199
179 182
179 363
179 184
179 177
647 648
219 50
219 332
617 649
617 334
617 650
560 559
560 651
652 653
654 655
281 226
281 35
281 279
281 510
281 42
281 262
281 31
656 528
657 450
469 18
592 591
211 63
613 612
453 263
453 114
453 18
259 638
259 187
259 68
259 225
259 308
259 317
259 260
259 261
259 159
259 325
259 334
259 483
259 108
259 336
658 659
546 660
546 661
546 545
66 662
663 664
651 559
651 560
480 665
480 515
480 18
498 34
661 546
661 545
666 357
411 200
411 180
411 183
31 667
31 166
31 668
31 78
31 669
31 670
31 30
31 18
31 281
31 32
31 671
31 216
31 36
31 42
31 34
31 44
31 50
31 112
31 114
672 469
672 0
45 51
45 44
45 673
45 30
45 50
45 43
45 32
45 34
45 18
45 35
45 36
45 114
45 42
45 31
45 49
45 249
45 40
674 9
675 88
667 31
676 677
676 678
676 679
676 393
676 30
676 680
681 272
682 630
682 683
682 272
682 270
682 664
287 286
486 18
39 49
39 637
39 222
39 225
39 50
39 336
39 636
684 485
334 222
334 685
334 50
334 335
334 51
625 390
625 320
686 687
688 32
688 179
688 113
688 112
689 690
360 379
360 299
360 465
360 105
360 393
360 18
360 691
360 137
360 692
360 484
360 317
591 592
591 693
645 36
694 111
415 200
415 198
415 148
415 199
415 183
415 147
448 139
448 580
448 441
695 696
695 697
140 135
140 698
218 50
533 532
533 699
68 69
68 325
68 259
191 524
191 190
191 107
275 273
275 274
275 700
275 375
461 460
373 701
373 47
373 702
703 485
703 529
241 185
241 240
704 705
704 247
358 355
358 357
358 359
358 356
252 706
382 18
37 30
364 312
364 134
627 188
431 430
431 325
431 707
431 248
431 308
431 103
101 102
101 98
683 682
614 184
284 18
284 708
709 710
711 712
642 641
642 316
713 714
713 715
713 716
713 717
713 718
713 719
713 720
713 593
713 450
713 291
713 721
713 722
713 723
713 724
713 725
713 152
726 727
726 728
558 557
405 18
405 523
405 729
405 51
405 337
27 730
27 26
33 50
33 30
574 731
574 267
574 573
574 732
304 63
733 188
734 735
736 737
539 531
539 473
539 538
539 485
488 18
305 63
738 739
740 741
230 50
230 314
230 426
230 215
729 405
458 742
458 455
743 531
743 271
743 593
743 718
522 474
44 42
44 45
44 51
44 41
44 43
44 50
44 32
44 222
44 30
44 31
44 18
44 49
44 94
44 34
44 47
44 262
44 547
44 112
44 744
44 36
485 745
485 538
485 531
485 323
485 288
485 703
485 473
485 530
485 529
485 100
485 539
485 746
485 747
485 640
485 537
485 748
485 18
99 100
99 102
99 103
99 749
99 104
99 98
710 709
710 37
237 750
237 18
237 751
237 752
237 236
43 44
43 45
43 282
43 32
43 753
43 30
43 51
159 259
159 108
159 222
659 528
659 526
361 335
361 105
361 50
361 102
272 681
272 270
272 630
272 271
754 755
756 757
756 758
756 59
88 86
759 34
759 760
707 761
707 431
707 399
707 762
707 440
707 758
24 23
307 63
730 27
653 652
20 763
20 21
20 19
114 462
114 279
114 253
114 18
114 280
114 427
114 510
114 464
114 51
114 453
114 254
114 764
114 112
114 31
114 765
114 42
114 263
114 262
114 34
766 92
5 4
5 259
767 768
767 769
406 486
406 12
406 399
406 239
406 18
246 245
770 771
254 114
254 253
254 279
581 772
425 761
425 41
425 685
425 216
425 773
425 115
425 220
425 600
425 42
425 314
425 51
425 774
425 548
619 310
531 530
531 485
478 18
169 168
266 265
266 599
331 438
331 515
331 330
331 494
331 495
331 439
331 775
776 426
530 473
530 531
472 18
472 30
472 777
472 778
528 525
528 526
528 527
528 659
528 779
528 656
780 645
781 664
699 533
699 532
782 783
57 56
57 335
139 778
139 145
139 135
139 448
784 785
195 194
779 528
786 787
102 101
102 98
102 424
102 109
102 547
102 99
102 100
102 104
102 399
102 397
102 103
102 361
136 135
136 788
789 334
789 44
637 39
790 664
791 495
577 792
577 576
577 793
577 605
354 269
332 219
794 499
795 796
476 12
476 18
476 797
798 799
798 800
798 162
798 486
798 801
798 152
798 802
798 151
798 145
798 132
803 63
803 211
345 56
178 184
178 177
178 182
178 183
178 181
178 315
178 179
178 363
178 197
178 180
178 200
178 362
475 56
475 18
475 51
138 804
138 135
401 204
189 718
189 186
189 263
293 805
293 383
563 564
806 807
806 718
643 777
808 664
809 174
92 50
92 766
92 93
92 91
810 811
810 267
810 495
810 812
526 528
181 178
181 415
181 177
181 183
813 814
59 30
59 377
59 758
59 815
59 58
59 816
59 18
59 272
59 817
59 266
59 757
409 408
479 818
479 18
479 819
752 237
295 820
295 223
295 821
295 294
821 295
152 151
822 71
335 49
335 334
335 222
38 50
174 809
174 247
174 550
174 171
761 34
823 824
823 274
495 810
495 494
495 331
224 221
224 50
825 801
820 223
820 295
639 291
690 689
690 248
690 258
826 827
826 53
826 52
673 45
824 188
413 183
413 18
487 479
487 18
828 829
34 759
34 50
34 524
34 761
34 49
34 264
34 44
34 42
34 18
34 496
34 31
34 30
34 262
34 498
34 47
34 830
34 35
34 321
34 114
34 51
34 32
831 832
831 833
834 835
834 260
834 430
836 837
838 839
71 70
71 822
71 840
71 18
468 421
468 308
841 837
837 836
839 75
839 838
420 35
420 113
147 131
147 198
147 148
147 200
147 183
147 415
147 197
418 226
418 35
299 322
701 373
220 425
220 48
220 216
220 314
842 843
844 645
844 256
844 354
471 18
830 34
845 846
40 282
40 30
40 45
40 454
40 50
244 242
700 275
793 577
407 399
847 726
847 728
847 727
848 183
753 43
849 850
851 852
853 854
855 290
855 856
855 239
715 713
477 18
857 12
322 299
322 376
322 187
322 259
362 363
362 180
362 178
858 681
858 859
858 860
858 861
862 863
864 865
866 867
868 316
869 868
869 316
215 870
215 230
215 50
215 422
871 495
47 556
47 50
47 373
47 44
47 30
47 18
47 49
47 35
744 44
150 149
459 455
872 495
872 275
872 267
872 494
872 500
872 873
134 364
62 60
62 557
223 294
223 49
223 50
223 295
223 216
223 201
363 180
363 199
363 362
363 178
363 183
363 184
363 182
483 114
483 18
483 259