1706 6206
0 1
2 3
4 5
6 7
8 9
10 11
12 13
14 15
16 17
18 19
20 21
22 23
10 24
25 26
27 28
29 30
31 32
33 34
35 36
37 38
39 40
2 41
42 17
43 44
45 46
47 48
49 50
51 52
4 7
53 54
55 56
57 58
59 60
61 62
63 64
65 66
67 4
68 69
70 71
72 73
74 75
64 76
77 78
79 80
81 82
83 84
85 46
86 87
88 89
90 91
92 93
94 95
96 97
98 99
100 101
102 103
104 74
64 105
106 107
108 70
109 82
110 111
112 113
114 115
116 61
117 118
119 51
120 121
122 123
124 125
126 127
128 129
130 131
132 133
36 134
135 136
5 137
138 139
140 10
141 142
143 144
32 110
145 146
147 148
149 47
8 150
151 8
152 80
153 154
139 155
156 157
158 8
33 159
160 161
162 147
163 8
164 165
166 167
168 169
170 171
47 172
173 15
174 175
176 177
115 178
179 180
181 182
183 2
48 47
79 184
28 185
167 166
186 187
188 189
47 190
191 192
193 194
195 196
197 198
199 200
60 201
202 113
203 204
205 206
207 208
209 210
211 212
147 213
98 214
154 153
119 89
30 193
215 216
217 218
219 220
221 222
223 224
225 226
219 12
219 227
60 208
228 229
230 231
232 233
234 85
235 236
10 237
238 239
240 189
241 242
185 243
244 133
40 245
104 246
247 248
249 250
107 251
242 252
253 254
255 256
257 8
132 242
9 258
120 259
115 260
261 262
263 264
60 265
266 267
268 47
269 270
271 272
11 51
67 206
273 221
274 275
276 47
277 120
278 279
280 281
282 67
283 231
73 284
193 285
286 144
122 287
288 289
205 249
28 290
291 292
293 294
295 296
60 297
298 299
300 301
302 28
28 303
304 305
120 147
154 127
306 307
308 309
310 5
118 311
312 120
198 313
314 28
28 254
315 316
317 318
51 319
320 133
219 138
206 205
64 317
236 84
64 321
322 323
324 241
52 64
89 9
80 325
326 327
328 72
329 80
330 291
331 291
332 203
147 333
331 272
334 139
140 249
335 228
334 336
231 337
338 339
340 64
51 341
342 1
343 80
237 344
8 345
213 346
9 64
75 347
196 156
348 318
349 350
64 351
64 352
266 353
354 156
313 54
171 355
64 356
122 357
358 359
360 165
361 22
362 363
364 30
303 365
366 367
368 369
249 370
171 371
318 372
327 373
193 374
375 376
318 377
378 144
379 10
318 346
193 241
380 381
228 335
382 218
64 383
384 316
60 385
386 387
125 124
47 276
33 388
93 389
390 115
64 302
341 8
391 10
392 393
289 394
139 27
395 324
244 396
84 83
64 397
155 398
399 400
332 64
133 401
161 27
138 161
203 259
10 335
322 402
115 119
70 403
53 226
404 405
406 407
346 115
28 366
133 405
408 152
394 213
409 65
410 65
11 411
412 413
147 378
107 414
415 416
51 417
241 316
418 10
419 38
420 80
228 421
8 346
422 289
423 276
424 425
334 426
427 168
278 428
429 430
431 432
130 433
434 141
435 436
437 115
438 393
439 440
441 61
442 28
443 45
444 445
203 446
447 448
226 313
154 449
80 450
451 241
209 452
346 253
241 203
453 219
454 89
455 456
8 457
118 458
98 459
47 460
461 462
463 464
348 139
465 466
47 467
224 223
67 468
469 266
470 60
469 469
471 366
472 473
139 474
475 64
127 118
118 476
406 15
477 478
479 480
481 482
406 318
468 64
303 64
84 483
484 193
261 485
241 243
64 486
123 122
266 32
487 137
488 122
118 489
490 219
491 492
493 203
171 494
45 495
139 496
497 498
51 499
17 500
473 240
268 501
129 502
428 286
503 266
193 486
365 504
80 505
494 506
507 508
150 509
266 406
60 510
511 512
513 186
198 120
514 67
468 115
349 515
122 516
517 322
84 518
51 519
139 520
8 470
64 348
53 29
147 338
521 274
28 522
523 524
525 526
107 527
338 528
529 139
530 531
532 494
65 409
228 533
118 534
535 536
537 498
80 538
488 313
448 17
64 346
23 539
193 348
540 98
541 193
242 474
286 259
491 542
107 543
544 64
545 316
307 546
547 548
349 549
28 287
80 550
551 552
80 553
538 80
361 537
289 288
36 35
317 64
554 555
396 556
557 558
559 519
266 560
464 556
64 399
561 388
332 161
139 562
563 105
327 311
361 161
338 564
64 565
163 28
566 199
567 491
568 569
570 266
571 572
573 199
115 147
27 64
574 552
211 575
247 84
464 576
249 510
356 53
407 577
51 11
193 578
579 580
140 316
581 582
201 60
60 244
4 287
343 129
156 534
480 28
583 584
262 261
139 585
4 586
587 72
393 456
588 272
7 589
590 108
4 316
134 173
244 394
591 592
593 105
594 464
595 80
296 67
352 64
596 597
598 105
64 475
474 318
599 67
600 242
601 324
203 602
578 60
221 603
232 604
605 82
122 406
111 10
327 453
243 474
372 156
150 150
122 606
268 193
607 15
120 474
312 188
115 608
139 609
610 319
611 388
612 466
181 80
613 614
51 615
377 156
154 616
47 617
47 618
619 620
621 569
205 601
18 622
9 623
65 624
481 625
279 143
372 626
165 627
107 628
629 630
313 334
631 632
133 219
633 8
96 8
249 32
634 388
64 635
636 74
435 473
168 453
596 8
486 477
637 548
178 638
639 617
474 253
640 641
168 337
346 15
557 642
287 4
643 644
219 645
424 646
170 156
518 647
13 648
649 318
354 89
650 651
156 652
283 313
86 15
407 416
90 120
557 653
388 33
654 655
656 51
74 657
331 137
324 601
161 454
139 658
113 659
660 156
661 139
662 316
397 663
400 522
341 249
545 139
230 664
665 60
51 237
363 666
491 667
253 468
668 361
669 228
390 193
10 670
145 249
671 26
421 47
672 116
365 232
341 327
549 349
673 674
143 519
675 64
676 47
677 349
213 678
679 115
51 545
388 680
108 590
64 681
80 682
96 115
683 98
171 69
208 60
139 287
684 218
685 393
237 28
28 191
686 154
687 249
51 343
383 139
688 689
690 631
154 691
692 203
693 327
165 64
694 47
165 695
696 257
464 697
120 145
89 534
129 266
242 499
236 235
698 699
614 193
10 418
64 277
310 700
60 436
701 407
178 702
703 704
705 706
707 640
269 36
90 193
236 106
291 330
708 115
238 238
9 313
480 161
253 474
267 266
709 228
710 711
103 137
712 713
497 714
704 715
716 143
313 661
717 188
598 67
133 718
595 719
249 720
721 45
254 147
133 505
52 51
456 393
120 722
651 650
510 64
556 464
201 139
723 724
121 28
357 725
387 386
316 726
413 727
620 606
728 729
80 79
356 266
730 65
731 182
10 726
314 89
428 53
652 242
8 144
73 732
232 733
269 734
51 510
735 736
231 737
129 738
327 199
33 143
193 428
739 477
342 500
740 13
741 67
105 742
477 406
743 744
612 115
519 745
643 746
747 408
407 287
748 749
13 750
139 751
389 93
139 493
679 752
753 523
754 211
102 755
70 756
173 134
308 74
361 757
758 759
168 760
157 156
435 327
184 184
5 4
314 115
170 8
327 761
266 762
187 763
266 764
10 178
765 766
445 444
448 130
767 768
509 769
268 770
771 772
161 361
608 89
60 601
425 773
14 584
143 774
110 32
9 242
775 776
519 51
691 154
654 777
65 778
82 779
780 133
461 781
578 28
372 782
783 264
19 18
784 240
474 15
785 219
400 399
786 415
400 144
719 787
161 9
788 122
73 789
5 15
30 790
635 64
791 792
793 695
113 794
103 49
795 327
287 122
796 228
629 300
252 154
797 798
799 231
322 690
800 801
802 161
8 147
803 804
130 805
64 806
139 807
132 231
808 809
578 266
810 418
42 120
811 812
447 230
813 208
814 82
73 310
815 6
595 65
316 315
816 817
326 133
755 74
818 139
28 393
318 819
820 821
221 8
534 28
612 51
79 25
83 822
823 300
243 277
244 64
419 28
778 60
824 825
826 115
408 827
408 828
9 120
829 327
830 74
323 322
831 735
623 9
324 73
354 28
466 465
832 122
154 184
185 89
249 833
303 8
834 835
790 836
837 64
420 382
193 268
838 118
318 660
130 839
840 841
842 843
313 185
844 845
805 130
242 144
620 619
506 30
348 64
846 847
213 308
133 311
848 849
139 206
850 316
851 189
134 388
488 115
27 313
171 58
819 318
852 569
165 853
28 285
28 314
473 854
266 520
4 298
47 268
855 51
2 703
286 145
755 84
168 856
857 418
858 156
322 775
859 10
98 293
84 860
259 699
393 438
510 10
861 862
322 50
219 807
52 709
863 98
763 187
864 199
361 865
527 866
473 348
867 709
299 28
868 869
318 665
115 185
321 249
264 154
139 534
138 219
51 317
870 871
327 872
873 264
118 838
874 875
198 203
876 773
877 64
596 596
878 569
623 879
521 880
119 8
292 291
418 213
710 221
881 115
882 266
133 883
884 258
203 332
346 885
266 886
115 887
874 709
139 888
889 890
793 549
891 51
875 620
451 474
892 893
156 894
405 313
331 895
590 359
896 897
53 600
519 53
681 331
346 243
105 477
53 186
47 676
898 742
147 899
361 900
901 147
178 318
491 595
388 561
133 902
22 903
316 545
656 509
80 329
904 372
10 337
369 905
53 265
269 633
545 218
231 682
906 388
598 60
907 416
316 42
436 67
418 451
908 51
51 908
262 107
316 909
57 464
491 910
51 383
10 911
269 374
912 913
67 296
628 107
914 640
118 280
660 89
915 851
750 400
916 917
26 16
221 710
918 919
115 254
682 231
920 65
231 799
51 172
886 193
154 921
130 922
137 923
453 60
17 30
401 133
133 924
569 568
562 139
225 8
44 925
89 147
320 47
704 926
259 286
927 569
60 172
672 928
929 569
416 907
7 930
168 931
313 346
720 318
932 293
343 45
933 413
470 8
934 118
457 935
464 32
244 936
60 17
937 8
544 120
277 139
236 249
36 466
399 28
65 938
382 420
305 84
130 939
313 9
87 86
940 105
70 108
941 937
316 140
415 786
552 416
336 334
942 775
199 252
943 74
718 407
252 193
733 232
260 64
130 346
944 945
781 89
875 946
947 10
948 711
949 30
407 406
241 28
178 327
313 886
950 178
27 120
327 391
45 443
2 951
300 952
165 313
241 89
35 569
953 491
405 404
682 67
954 955
472 956
371 171
957 28
671 816
616 154
958 96
526 959
394 244
643 960
961 962
14 477
381 380
224 963
964 965
82 966
954 51
967 60
64 675
629 65
968 233
493 318
274 969
194 133
171 10
168 970
137 103
51 855
505 133
151 971
14 228
374 272
972 126
17 973
28 417
265 60
260 974
185 203
471 469
51 348
105 140
82 831
130 975
60 480
976 313
543 977
228 718
285 249
253 608
707 885
829 67
313 442
869 868
111 110
343 704
303 115
224 224
25 79
257 696
978 122
133 154
775 942
979 512
580 219
980 890
466 388
783 28
981 982
266 719
983 984
320 80
265 122
51 191
478 327
264 29
18 985
45 343
311 327
139 334
428 313
129 261
491 986
987 988
115 390
989 990
991 992
293 993
706 705
432 175
994 519
995 60
849 67
996 996
10 997
80 59
224 699
130 92
451 457
636 998
157 53
270 269
179 503
474 885
999 407
51 388
1000 640
1001 219
584 438
534 318
872 327
171 404
10 1002
474 243
136 135
549 1003
1004 45
388 1005
203 185
462 307
804 1006
337 242
1007 47
875 387
199 566
181 324
318 474
137 5
122 14
448 519
924 133
442 64
348 53
534 53
1008 151
346 318
464 1009
829 60
1010 70
972 1011
1012 327
875 874
154 404
870 1013
133 252
617 617
60 470
937 115
1014 198
678 213
486 156
193 1015
113 112
709 874
73 461
40 441
10 453
28 802
307 306
1016 464
331 1017
856 122
1018 327
241 213
156 346
408 1019
1020 22
1021 7
42 28
1022 1023
185 161
981 269
32 327
282 253
1024 139
18 1025
720 1026
70 272
156 602
461 660
178 950
115 493
578 228
1027 228
51 205
1028 531
147 131
219 1029
221 273
115 225
327 1030
653 557
1031 1032
47 325
123 1033
70 1034
178 266
115 282
519 1035
632 74
1036 1036
147 8
203 254
10 67
1037 80
241 451
806 130
23 371
67 1038
887 51
174 431
451 1015
578 168
331 1039
468 188
508 507
156 260
694 249
28 119
266 274
1040 509
37 53
266 882
1041 447
711 1042
1043 64
161 332
510 120
1044 1045
498 537
277 15
1046 714
770 509
10 297
193 713
491 1047
156 1048
627 64
1006 804
436 418
130 1049
82 1050
849 741
321 10
93 808
1051 73
377 203
453 168
147 901
775 322
194 60
938 65
1052 423
906 616
1053 400
343 231
30 401
72 587
608 147
428 120
10 1054
486 193
610 191
1055 236
231 311
657 102
1056 1057
129 249
121 242
923 137
64 562
965 964
1058 133
362 47
1059 473
331 1060
266 706
453 1
595 98
461 1061
228 463
1062 92
237 51
80 739
118 127
703 331
277 316
107 106
877 313
67 682
60 995
1063 80
887 89
19 280
1064 264
51 277
120 341
970 168
313 165
346 203
113 349
348 473
1065 388
219 490
64 534
320 316
203 493
1066 1067
64 332
107 359
272 1068
53 673
472 141
89 185
1069 60
718 327
496 139
1070 70
13 382
1071 472
850 228
1072 512
1073 61
121 318
1074 1074
552 574
318 493
1075 118
491 990
356 64
406 464
793 1076
279 318
15 607
139 894
823 1046
413 933
313 140
89 420
473 1077
122 1078
10 947
1079 98
237 1080
1081 80
28 299
67 1082
376 375
291 280
89 499
486 266
51 493
569 2
120 510
407 718
1083 193
223 664
406 477
578 213
30 806
1084 154
51 428
549 129
1085 316
225 54
79 1086
477 14
457 8
10 379
1087 1088
1089 1090
406 228
60 751
1091 728
184 79
578 211
401 1084
311 1092
28 1093
327 1094
477 320
413 1095
316 320
428 249
33 60
189 851
349 1096
1097 139
894 139
318 615
1098 1099
595 491
614 1100
719 266
65 629
64 826
1101 310
19 706
633 318
76 64
1102 1016
1071 1103
397 64
255 627
54 53
1104 884
544 318
115 303
322 517
509 478
32 704
369 1105
8 254
428 266
32 31
608 28
282 115
243 534
710 357
122 346
236 1106
147 10
141 472
338 1107
115 687
1108 462
144 8
120 499
152 47
761 10
133 694
871 531
316 578
1109 154
266 1110
64 522
8 1111
118 1112
1113 509
1114 105
537 714
537 361
115 612
28 608
961 871
60 1115
1116 407
1116 461
120 519
482 118
1117 1117
1118 47
806 27
313 1119
910 491
5 1120
307 462
249 178
303 28
130 1121
327 326
729 728
47 1037
801 435
144 242
8 1122
663 449
1123 956
1124 203
1125 404
731 1126
63 324
256 255
193 287
494 33
731 1127
1128 388
804 803
534 51
1129 712
242 185
338 551
219 1130
60 829
1131 33
272 374
337 286
1104 4
862 861
660 461
809 808
151 1008
1132 1133
473 346
498 1134
51 1135
554 1136
226 51
28 372
287 407
201 89
396 105
165 578
1137 4
534 8
318 121
720 115
165 20
276 60
321 133
25 1138
418 436
154 1109
49 965
163 464
473 827
1139 82
1140 58
463 228
161 147
93 92
56 266
491 1141
118 117
510 249
15 1015
10 651
305 304
686 1142
937 7
115 63
549 804
1143 1144
399 286
913 1145
600 64
1146 269
996 80
489 118
186 8
1049 1147
480 89
894 28
191 28
1148 80
18 1149
47 1150
28 1001
242 337
203 499
1151 336
282 491
1152 1153
649 28
171 444
47 1154
442 313
905 84
133 112
1155 64
1156 1157
120 720
140 199
407 1116
474 139
68 130
17 590
1057 534
519 266
2 281
60 341
193 346
1158 708
1159 122
71 70
33 1160
1161 1162
1015 80
346 89
266 129
53 161
147 1163
718 249
658 10
489 1164
602 1165
708 89
745 519
995 418
903 22
519 232
474 115
341 60
1166 1167
221 530
115 201
1168 506
449 663
115 679
79 47
491 1169
33 156
349 1170
548 534
291 1171
937 941
242 855
264 263
218 684
1172 1173
9 28
1050 82
1174 491
327 138
61 116
885 474
203 346
498 67
277 243
1175 752
486 139
515 699
491 462
1109 240
394 289
47 420
155 139
193 886
1176 266
1115 60
499 242
577 407
156 372
219 974
156 660
156 377
550 1177
242 428
8 596
313 111
901 1122
108 884
316 277
249 887
617 80
403 70
67 718
200 199
477 105
168 529
17 425
628 393
1178 48
60 1179
153 1180
355 171
711 279
372 1181
238 1182
944 1183
272 271
1184 1058
1185 168
193 849
64 172
139 9
65 1186
501 268
156 790
900 361
13 1187
757 1188
182 1189
276 80
131 147
133 194
70 1190
120 545
61 1191
286 499
949 1192
407 14
1193 506
311 133
10 1013
5 310
431 1088
54 225
208 156
69 171
479 346
428 139
1194 51
944 1195
1196 596
724 723
7 1197
113 154
7 1057
637 126
776 775
1005 45
51 5
1198 1199
836 790
699 394
534 118
419 266
1200 8
464 594
57 388
228 1201
241 51
1202 519
65 1203
300 1204
1089 17
28 660
762 266
17 1205
219 231
957 51
47 133
1206 1207
47 79
132 51
1099 1208
10 859
1209 1210
912 130
428 581
388 1065
218 382
877 193
388 388
864 864
1138 25
15 332
1211 1212
219 453
1086 79
80 996
56 55
1015 193
9 8
49 889
64 198
60 519
51 1213
1214 80
253 225
711 1215
720 193
15 1216
280 19
172 203
393 251
346 213
1217 407
580 104
633 193
80 181
253 282
120 1218
266 411
165 700
182 181
1133 352
877 318
366 28
816 1219
557 407
699 698
452 209
1220 1221
1222 139
67 147
1223 1224
205 266
679 154
53 191
1225 336
1226 1227
799 1228
182 731
1229 1230
286 337
308 213
1039 1231
313 147
188 801
219 1232
64 894
1233 118
1234 1235
499 286
676 1236
913 67
632 631
454 161
549 793
1237 171
241 318
60 230
32 133
346 8
720 64
1238 74
232 365
346 242
468 253
556 228
194 231
297 8
122 225
346 451
506 1193
516 122
957 408
33 1239
518 236
318 877
266 665
660 318
233 968
413 1109
661 156
266 56
10 601
468 67
134 372
1240 1241
578 193
156 165
982 981
15 1242
64 376
990 757
1243 73
308 521
474 89
156 241
1244 318
404 1245
1022 91
666 363
1246 22
269 1247
1051 274
194 47
775 7
265 509
47 694
979 1248
65 920
720 53
266 250
307 343
203 1249
80 464
47 29
341 64
161 314
386 152
635 1053
457 451
413 264
297 313
195 154
65 1165
473 1250
28 419
51 241
165 1251
969 274
272 322
120 314
195 401
154 686
774 418
1046 512
641 640
534 243
60 321
1103 179
318 1244
121 313
1 635
118 734
1252 64
1253 1254
1255 397
89 314
399 64
203 1124
156 196
1256 1017
324 395
80 595
28 1257
42 51
452 1258
827 408
1259 816
1260 221
10 499
60 206
65 1261
156 170
418 244
259 120
265 243
1179 60
428 242
1262 372
464 406
1263 28
913 1264
8 1200
89 1265
1144 1143
93 1266
115 4
361 711
193 1267
133 780
425 17
195 1180
198 28
10 519
212 211
782 372
67 312
47 1015
393 286
1093 28
80 48
886 477
1268 1269
718 133
977 543
172 51
444 23
82 148
569 1270
89 303
60 694
1222 193
249 665
488 60
308 998
773 425
272 333
98 863
8 119
314 318
28 781
1271 1193
1272 15
372 64
473 1273
1274 10
211 1275
1069 1276
370 86
494 23
134 1121
608 161
332 15
266 848
871 319
802 53
1088 1088
664 193
169 219
47 1102
341 28
1040 407
769 10
1277 300
1139 381
77 640
709 1278
122 354
650 552
211 754
899 147
877 8
193 660
359 358
145 28
1279 804
1280 418
172 80
1031 8
84 1281
737 231
474 203
219 664
569 878
474 213
80 1282
373 327
903 640
480 60
477 137
849 848
74 616
105 394
392 388
573 428
98 1079
120 112
1283 49
150 60
17 448
1252 47
221 1260
127 903
651 457
1284 8
330 313
1285 25
1286 244
80 172
15 544
1002 10
1287 249
813 49
311 231
816 597
1288 84
1289 219
228 709
789 73
506 494
512 1046
147 38
474 451
316 1085
105 937
1290 49
128 640
45 65
89 474
64 493
848 707
228 556
324 598
120 493
21 20
10 1291
596 51
213 232
165 1292
139 886
591 1293
1294 1295
10 1296
500 17
121 120
302 10
1204 300
1297 232
735 327
172 89
154 264
28 90
74 632
241 266
154 195
337 10
260 156
1298 243
866 1
351 64
600 51
201 115
1299 193
122 1300
629 494
1301 998
51 454
152 408
89 594
415 10
421 80
1302 281
1303 1304
806 1305
49 992
807 139
537 537
624 65
139 138
161 802
47 194
28 390
544 15
67 601
725 447
216 215
241 193
198 1239
193 185
1306 1146
147 53
53 147
51 1194
761 15
76 28
988 987
12 219
413 1307
64 881
913 1308
147 608
349 261
775 220
746 569
1309 790
546 307
693 23
15 277
7 1021
401 60
440 439
266 140
206 60
951 837
261 812
45 73
800 158
1209 1057
369 1310
87 1244
979 281
118 1311
219 718
1312 82
411 11
522 400
1141 491
98 1313
1314 407
208 813
406 266
1314 1196
308 102
115 216
336 1151
485 261
239 238
51 488
506 264
1315 13
352 1133
232 1297
850 1316
1281 84
608 51
890 889
144 150
208 207
588 588
1183 944
60 488
219 1317
155 1318
198 2
408 1087
1249 28
835 130
47 527
8 608
84 1319
80 1320
454 28
416 552
33 264
491 581
1321 130
486 327
128 281
488 318
348 28
661 313
51 132
64 1322
1057 122
1323 389
60 194
228 578
388 1128
1324 73
10 1249
1325 122
1086 526
236 1055
37 712
1289 699
1 357
1112 1326
582 581
557 1327
557 1328
98 595
488 139
77 80
408 214
80 1314
285 464
616 74
23 10
161 185
203 937
28 354
51 312
321 64
145 286
199 573
8 534
1039 94
1329 349
64 260
313 201
602 1153
10 191
17 264
673 265
171 1237
186 343
8 881
541 122
484 139
236 1330
130 846
568 602
1331 98
51 42
752 731
509 598
60 598
1332 519
186 513
1333 122
67 849
115 468
632 1022
1334 118
343 47
219 1335
1336 811
47 394
1337 473
346 316
548 1338
372 28
824 796
37 650
122 1339
714 497
879 1340
139 1341
8 967
393 923
105 1243
523 1094
17 1342
318 720
1343 591
38 147
29 64
640 77
361 322
28 340
340 28
333 272
1093 64
1344 986
124 421
144 38
191 610
1122 67
866 527
598 324
553 80
454 203
425 424
464 285
232 1345
51 54
300 823
82 605
766 1346
80 568
1347 253
205 51
509 770
42 193
211 578
60 770
652 156
894 51
191 51
415 1348
156 154
329 89
196 10
1349 640
520 118
474 242
1316 850
1350 1351
709 60
585 139
318 1037
193 802
1352 1353
189 240
1354 871
115 474
238 763
9 243
120 198
875 552
731 1355
9 318
80 529
491 1356
89 708
451 418
228 232
1357 188
120 480
565 51
249 140
1358 13
60 351
8 652
146 145
204 203
407 1118
199 1359
569 1122
474 130
60 356
144 286
193 42
331 703
64 692
1360 15
65 17
350 349
1361 1362
1363 510
67 178
1221 1220
464 329
130 806
1345 232
1041 25
120 90
694 219
249 170
893 892
156 354
731 752
531 1364
193 692
651 1365
741 849
1366 1367
1189 182
47 67
163 266
27 806
105 940
46 45
64 627
628 309
144 1368
241 139
10 194
806 64
8 1363
236 578
657 74
835 834
695 165
133 1369
11 1370
177 176
102 1301
251 393
1220 300
203 767
441 40
249 687
1371 171
801 800
97 96
120 544
25 1372
640 1059
998 308
1353 1352
1197 71
129 60
29 47
246 104
1373 28
1374 875
30 196
743 668
519 1332
982 1375
161 608
568 998
47 739
466 319
1011 972
346 479
967 8
198 602
227 10
849 193
113 1376
53 341
122 788
144 28
1377 875
28 783
327 70
821 820
156 1081
694 231
1378 1151
883 327
89 428
301 413
51 858
8 165
672 1379
122 265
602 447
10 743
720 120
11 10
1380 1099
115 145
837 951
1224 1223
4 249
1351 193
720 8
193 1222
418 857
199 418
584 14
175 432
10 870
1381 221
802 28
196 60
774 197
74 830
84 755
1207 1206
1382 75
1220 118
257 1206
38 154
120 277
47 578
84 1383
1135 51
615 51
60 486
1011 1384
743 64
1385 98
226 225
313 121
1034 70
64 282
780 98
10 317
1386 171
118 1387
689 688
600 193
84 1388
67 714
923 393
1120 120
213 65
265 673
196 264
530 221
319 466
165 0
792 791
47 1027
388 906
816 1389
1390 523
1391 1153
341 120
67 498
1392 650
370 122
139 147
1177 265
956 956
597 816
236 518
285 28
1216 816
973 17
286 578
734 669
147 249
453 1393
416 156
64 1394
1057 356
1173 1172
64 1093
154 425
313 330
64 80
266 469
277 213
331 1395
266 84
1372 25
1396 531
80 80
120 428
60 1397
329 464
602 203
746 643
890 980
399 120
178 115
341 266
74 469
50 376
1278 709
538 60
64 27
1398 1017
64 1155
678 678
682 47
10 790
384 13
652 8
712 650
1205 17
172 161
1399 1400
10 302
318 995
1086 10
98 313
65 213
60 578
884 108
388 634
115 96
894 318
1401 504
1083 209
15 5
154 38
768 767
712 242
539 23
327 1018
1402 193
711 710
15 346
38 144
404 16
277 451
881 8
318 314
1403 327
1404 571
281 1405
1388 84
956 1123
1248 979
145 64
617 47
499 28
1406 219
1407 1408
952 919
1245 404
499 313
10 1409
452 154
704 343
464 1201
53 519
1296 10
569 523
464 80
82 1410
67 1411
1412 1413
2 1118
105 1414
694 885
64 608
1049 1415
1190 70
1031 249
1317 219
1063 47
713 712
709 867
1088 431
30 364
413 30
372 318
1053 635
519 120
1094 327
516 461
534 89
418 154
648 13
225 122
205 1416
1042 711
137 477
265 477
1417 690
477 326
1354 323
1418 1418
64 241
726 147
359 590
1419 526
895 1035
1235 1234
1420 1421
895 331
282 8
286 419
499 8
244 156
1422 772
121 1071
1423 105
22 1020
512 511
448 447
134 1424
602 1425
1426 13
461 73
1267 193
106 236
484 484
143 33
51 957
1427 1428
120 718
105 1114
32 464
28 237
64 372
193 614
266 156
1071 121
64 377
10 144
193 140
343 193
47 343
1206 257
559 393
250 64
178 249
2 141
420 89
47 1429
199 140
351 60
1170 349
185 242
879 623
638 178
1430 143
479 474
388 392
1431 915
703 2
274 266
51 352
687 64
193 372
1049 130
193 493
477 265
871 870
1432 142
1025 18
871 1433
1375 982
49 523
15 1360
1434 491
133 1435
1346 699
1436 1437
868 206
1438 33
10 1086
1439 749
64 303
596 1440
1441 884
1364 531
241 327
381 1139
1078 122
1442 198
286 345
213 474
258 9
655 654
1177 550
129 1443
407 1444
1445 188
812 811
493 115
572 571
1446 1447
1340 879
139 1024
1193 1271
473 695
479 165
1015 47
897 896
462 461
349 1101
1448 15
80 1148
2 198
1449 327
640 1349
286 277
8 468
100 158
341 51
1450 1451
550 47
140 193
230 60
384 219
10 578
531 871
393 628
147 464
64 314
1228 1039
141 46
1452 1039
327 244
542 491
1453 261
45 1004
469 74
223 1454
1410 1455
1456 1457
1458 413
1292 1292
1459 423
536 535
519 1023
286 4
1107 338
17 595
193 1120
346 28
1343 322
73 72
1094 523
147 156
184 154
407 1314
302 64
139 140
9 193
318 633
7 937
541 15
113 264
848 266
175 562
191 10
264 413
893 13
61 1460
219 694
896 60
141 121
499 120
417 28
1461 51
1462 998
534 213
1376 113
165 360
8 474
286 428
51 596
98 1385
1463 18
218 217
1095 413
881 64
356 60
937 105
28 826
214 408
425 1456
453 10
806 264
15 173
242 132
64 29
51 340
137 331
28 442
477 739
647 518
281 128
141 2
45 1464
602 602
82 892
171 1465
72 328
15 86
490 494
341 139
1122 60
130 418
33 1438
64 468
267 105
130 68
193 1466
60 428
249 1287
719 595
1467 1452
418 995
976 266
626 1093
1294 203
670 10
213 418
165 8
10 47
605 687
327 478
457 118
188 468
901 456
198 197
602 1468
64 165
466 36
64 454
161 138
349 1469
237 1470
1471 137
661 28
418 130
318 341
469 471
139 201
168 626
357 122
47 320
1472 491
327 1040
0 165
67 514
782 1473
249 886
193 165
1474 16
1475 70
684 289
192 191
18 1144
139 766
244 509
28 121
1476 1477
72 1166
1197 7
509 877
60 1007
1437 1436
60 150
118 847
51 565
718 67
694 115
147 1478
1057 7
64 474
120 660
995 318
860 84
1009 327
1451 1450
101 100
476 118
243 241
1479 1480
643 727
171 1481
264 873
1482 1165
1195 944
103 4
1184 924
73 195
1456 425
219 580
1483 413
133 283
704 32
752 1484
25 1041
952 300
147 64
752 679
431 167
366 193
313 405
1485 956
545 115
1369 133
64 488
10 415
248 133
790 30
171 1486
64 1294
45 207
1397 268
28 1487
1488 1
122 978
249 285
161 53
453 327
627 165
1120 193
84 1489
372 1262
341 115
965 49
10 277
98 1490
1021 120
80 1214
751 60
120 312
348 51
1437 531
404 154
1491 1411
7 6
890 512
509 1244
1166 72
10 1492
269 10
318 27
80 617
984 129
1493 1494
30 154
80 1037
473 614
1495 388
9 115
425 154
1127 731
709 1441
105 1496
102 371
231 283
414 107
50 49
372 597
58 57
1192 1497
1046 498
1498 1066
413 301
626 372
400 1053
877 509
174 65
193 1499
51 260
407 999
801 188
669 734
728 519
199 327
569 1500
757 361
394 394
306 519
28 259
404 171
325 47
632 121
792 1431
996 249
300 1501
156 29
193 1216
283 168
1502 447
881 51
249 1503
723 884
1481 171
564 913
449 154
287 139
169 168
609 139
407 386
274 521
477 244
858 64
318 499
69 68
171 1371
282 60
1504 1505
737 51
47 1292
57 1506
115 114
1507 1507
1300 365
1508 165
161 781
1153 1152
349 1509
331 681
1295 1294
156 266
552 1510
780 193
340 51
1086 261
260 51
997 10
280 291
4 1104
142 141
407 1511
591 1424
480 479
318 241
99 98
130 1512
510 60
10 321
147 47
170 266
26 25
64 138
1458 98
341 161
1019 408
885 707
633 115
60 1209
9 89
147 242
975 130
188 1445
113 202
89 781
1346 766
931 10
70 1513
411 1048
94 1039
569 852
986 1344
1514 408
377 64
883 133
74 755
285 266
10 1515
1180 64
227 286
121 141
442 219
232 684
1244 87
28 42
504 1401
428 60
889 49
57 473
1505 1300
33 1027
23 494
549 1516
431 174
1334 424
551 338
60 534
846 130
447 1517
153 29
408 1514
13 1315
289 684
646 424
118 520
509 1113
714 537
120 27
725 357
1216 193
787 719
51 119
998 657
51 346
266 145
249 996
102 469
393 685
804 1279
102 84
608 115
130 912
281 2
341 193
1395 171
1509 349
345 28
10 1016
946 875
1275 211
548 547
67 47
1201 228
318 9
1443 129
520 266
394 105
156 244
199 756
1045 1518
5 115
193 30
1519 26
10 171
509 656
534 548
74 104
286 457
406 602
219 193
866 64
64 1180
528 338
89 88
289 422
1520 447
712 1129
65 45
57 206
171 1521
1061 1314
232 122
302 122
1474 80
67 1420
401 195
467 47
219 1406
28 198
602 406
388 466
244 1286
28 1522
1523 260
1524 137
154 30
473 1525
690 121
22 361
173 466
53 356
28 480
672 441
238 1526
1527 168
578 316
1120 5
1048 156
1017 331
266 163
569 35
303 89
313 484
562 64
115 341
408 1528
120 241
654 49
1529 472
335 10
445 518
161 354
122 541
451 652
1530 369
1531 7
1122 569
1532 1533
22 171
310 1509
154 252
407 701
272 1534
366 471
1411 67
394 47
1535 14
76 8
26 1519
133 326
319 28
473 472
147 726
1536 640
602 156
404 551
512 1147
1537 473
9 213
194 193
145 120
1410 82
430 429
1538 569
665 249
280 423
841 840
122 480
447 725
1196 1314
1057 1209
249 145
702 178
509 265
420 8
750 13
482 481
85 234
847 118
105 1539
1244 509
51 954
10 931
915 1431
473 1540
60 453
312 67
756 70
474 28
318 545
7 4
115 436
231 230
185 115
722 710
859 1013
209 1541
418 1280
191 871
345 286
1542 1543
387 875
13 1544
931 168
128 310
917 916
193 390
127 126
519 143
27 89
1436 1128
955 954
236 1545
886 266
1326 1112
1297 1546
1547 327
311 118
1276 1069
790 264
569 1548
718 120
460 47
454 64
46 141
1410 1299
47 77
523 49
371 102
121 632
30 29
60 67
269 981
249 163
223 710
421 228
156 208
755 102
935 457
195 73
1042 223
1016 10
519 60
416 415
51 850
1431 792
1013 10
20 165
48 80
472 25
316 329
923 129
428 573
423 1052
1326 149
442 139
393 1549
1249 193
318 488
408 957
499 51
53 348
1284 13
115 499
178 10
576 464
664 549
266 885
742 898
348 193
749 1550
51 608
507 372
1551 318
321 60
498 1046
801 1220
781 461
854 473
1328 557
1027 33
156 297
119 115
49 1552
1134 498
64 1553
67 829
102 308
1196 407
105 267
147 313
1072 1208
193 665
313 314
137 487
67 10
699 518
802 1193
140 30
531 1396
1247 269
168 343
393 1049
1310 369
219 1289
694 168
13 1426
219 785
479 877
64 354
105 396
1318 155
15 406
241 156
8 201
734 269
53 578
531 530
250 249
388 115
122 1057
1554 1
804 549
1505 1504
254 28
1509 310
522 28
249 4
407 361
1334 526
82 1555
243 1298
80 1556
121 1557
372 193
8 225
1558 600
120 454
118 1220
337 231
1171 291
520 139
606 620
8 282
53 174
64 837
1030 327
1472 300
13 1559
1560 70
19 763
228 51
334 1146
492 491
193 505
1338 548
1243 105
78 1561
1410 1538
291 1302
770 268
143 716
456 455
1327 557
480 122
65 1562
352 139
311 193
199 864
213 9
208 1109
1 866
424 1563
193 1299
458 118
165 193
554 1369
346 156
354 107
1102 47
829 10
407 1040
266 419
402 322
1118 407
418 774
139 661
1564 10
28 145
84 236
23 693
937 28
115 720
64 1565
266 640
1228 1234
1566 151
718 1567
1102 80
822 83
1032 1031
926 704
8 877
426 334
45 721
10 1274
32 266
346 51
204 28
1383 70
853 165
293 1568
1102 1102
719 1569
261 1570
327 435
1186 65
64 340
313 474
650 712
73 45
408 370
286 227
203 510
1146 334
417 51
216 115
1356 491
829 638
375 612
354 64
1362 449
556 327
264 196
138 327
694 266
1413 1412
569 621
1416 205
917 723
830 998
115 694
264 1064
206 67
281 1459
486 64
316 384
704 1056
960 643
570 557
519 559
684 232
147 120
407 1571
28 163
509 244
300 579
763 165
428 89
8 96
94 837
527 107
130 474
74 13
1151 1378
80 152
219 1306
886 139
1021 643
10 1564
709 1572
249 718
8 1573
318 317
147 266
584 213
1533 328
534 60
243 9
80 1081
78 1574
1178 663
884 1441
204 120
1433 871
663 1178
602 198
727 413
1575 266
104 1576
115 545
802 193
121 690
959 526
428 278
206 868
86 79
736 735
383 51
64 877
830 137
626 193
171 170
161 544
369 1530
107 354
486 60
1089 203
1316 378
790 1309
64 1178
493 64
70 763
428 51
469 154
118 1334
491 1577
143 307
627 203
1218 120
712 37
1304 1303
877 156
345 156
480 901
98 1029
80 343
185 28
316 346
660 28
1 342
171 1395
115 826
1067 1066
1470 237
562 313
168 427
13 12
390 89
60 147
287 28
33 494
67 221
388 139
1578 18
1579 122
8 469
8 303
318 383
552 650
447 1520
223 1042
706 266
28 661
261 349
10 391
324 181
512 890
139 346
244 477
1182 238
82 814
228 406
285 193
640 914
473 30
773 876
10 769
329 316
67 60
1339 122
145 266
122 1580
53 428
1081 156
1176 512
15 761
1162 1161
47 1551
130 448
188 1357
502 129
17 1089
386 1149
139 1118
851 915
7 1581
400 145
419 286
316 850
80 421
473 188
480 8
225 115
371 23
620 875
509 1040
1494 1493
1543 1542
147 418
314 64
298 4
626 168
67 598
259 203
618 47
939 130
451 499
473 1537
219 1356
47 147
137 785
281 280
990 989
316 1582
1464 45
474 958
92 1062
300 629
115 1583
600 1558
89 393
186 1500
129 343
875 1377
519 306
377 120
499 253
6 1584
17 1585
999 64
28 399
118 1086
120 406
320 477
23 1586
549 664
1109 208
407 1061
58 171
635 1
269 1146
48 1178
491 1587
232 15
449 1362
242 346
277 28
631 690
464 57
238 1410
428 213
119 120
519 448
269 687
499 193
936 244
115 76
1588 1589
4 67
1040 327
766 1590
70 1383
249 236
1023 1022
608 64
327 883
798 797
418 64
64 63
512 84
238 1591
1473 782
89 660
156 474
388 134
269 612
210 1326
527 47
767 203
266 147
1110 266
447 1502
258 27
536 536
885 266
506 1168
203 660
418 199
327 902
84 102
388 1495
328 1533
10 1592
318 348
985 18
816 671
84 266
510 51
47 538
1477 1476
397 1255
523 569
327 1547
309 308
699 1289
435 801
188 1593
23 22
154 452
118 934
115 314
1384 1011
51 887
8 170
1397 60
1 1488
400 750
61 441
1522 219
64 999
1016 1102
1594 130
569 927
96 156
147 67
365 303
625 481
29 195
139 484
1595 1051
809 193
777 654
1230 1229
140 313
533 228
243 346
10 658
64 9
139 297
1105 369
1596 944
1112 118
64 600
512 979
891 53
1487 28
120 346
168 1185
13 1284
432 431
30 1053
575 211
185 64
64 510
447 219
277 10
493 28
139 1597
158 800
64 265
564 130
193 600
833 249
354 122
1059 640
51 185
118 1075
189 188
1415 1049
1048 1410
154 679
100 30
474 479
51 534
372 507
349 113
139 388
365 1300
266 341
154 1598
739 47
469 8
1584 6
32 1599
147 139
168 973
147 318
220 219
393 559
376 64
327 1009
300 1472
60 538
1042 291
147 1453
349 77
491 1600
156 1037
888 139
22 1246
816 1259
522 64
1009 464
428 322
677 310
742 105
707 316
896 491
223 926
1115 130
871 1354
7 254
47 149
494 629
14 1535
687 904
13 893
873 30
903 127
1601 266
343 51
294 293
231 219
64 781
2 183
346 193
836 129
1453 147
578 286
1364 1433
1235 29
552 875
1236 676
165 164
870 10
1061 139
10 1069
130 1115
10 140
198 115
712 161
107 262
428 564
1602 19
221 1381
219 1001
1583 115
209 1083
201 8
1167 1166
195 29
411 266
763 19
557 570
133 32
1603 1017
115 1265
1266 93
1235 18
378 1316
488 51
454 120
80 64
1057 1056
1604 501
186 266
457 651
327 1012
1517 447
254 115
945 944
122 1351
526 1334
196 195
13 1605
659 113
370 249
45 1606
1526 238
140 105
313 198
28 27
578 53
1088 232
711 1064
538 47
667 1
580 579
8 720
253 499
436 435
372 216
178 67
237 10
319 51
213 534
473 1607
318 147
327 341
105 64
534 1057
105 791
710 223
658 139
1608 394
327 1449
313 499
1210 526
28 1263
374 269
650 998
1500 186
230 447
635 374
1301 102
231 32
70 1609
404 1125
253 346
38 531
473 1610
249 341
14 365
80 1015
319 1611
122 341
1265 115
28 204
337 509
578 236
206 139
687 269
438 584
58 1140
115 198
51 891
377 318
144 143
905 98
156 1180
27 139
661 193
115 937
30 949
147 28
1612 156
97 1447
1447 97
534 418
628 547
313 252
151 1566
474 51
428 193
1147 512
1326 1225
1613 456
14 549
347 75
193 766
1541 10
1144 18
894 156
695 793
1251 165
67 599
1066 1498
1605 218
266 519
10 269
143 1430
1223 1223
243 265
28 241
1101 349
406 53
15 541
249 1027
317 10
781 64
704 137
89 329
790 156
1559 13
1013 859
709 52
1614 113
1615 953
562 175
241 64
53 1616
272 331
98 905
343 307
237 1617
241 122
1618 156
526 1210
64 720
1064 711
286 393
78 383
1619 54
475 342
313 226
992 991
232 1088
105 60
250 266
1510 552
391 327
65 398
627 255
147 161
115 388
28 9
1314 1061
122 241
1227 1226
80 1063
30 506
469 998
34 33
722 1620
300 1277
531 38
154 469
171 1386
1410 238
23 1364
1033 123
512 416
584 583
137 830
53 475
47 1621
15 14
1007 60
341 318
558 557
1591 238
459 98
966 82
122 1272
796 824
1410 165
367 366
640 1622
275 274
884 723
433 130
212 602
219 447
1 667
252 133
130 1594
242 9
371 998
519 10
49 1290
165 763
473 1059
1089 64
314 313
1433 1364
1400 1399
8 826
1022 632
928 672
1045 672
206 552
505 80
372 904
193 343
1362 1361
207 45
1159 447
640 1000
1541 156
206 57
930 7
84 247
1416 388
244 60
249 519
1623 70
64 244
322 855
260 1523
168 694
826 8
47 1252
739 80
660 331
1022 1624
64 418
10 1541
139 818
80 420
243 144
510 193
1121 134
1153 602
193 90
1299 1410
472 1071
258 884
138 133
837 94
354 120
378 147
30 263
349 1329
407 1196
393 392
89 119
534 139
4 1163
193 474
264 113
1213 51
84 1288
286 399
203 172
816 1216
47 362
388 1416
17 60
1625 1474
293 98
15 608
1605 13
484 313
850 51
314 161
877 479
1100 614
1292 47
316 4
28 319
203 1626
616 906
712 712
297 60
226 53
67 741
1320 47
154 418
64 1627
50 504
833 266
318 544
352 130
518 84
13 1628
519 1629
464 1016
283 407
266 694
30 17
27 161
203 474
10 23
974 260
65 198
726 10
697 327
266 170
64 798
156 1612
268 1397
505 193
28 341
139 529
1571 407
473 1630
313 976
242 1631
17 42
313 877
293 1632
447 602
477 473
53 401
971 151
49 103
1348 415
240 1109
126 637
493 120
115 437
1518 1045
519 994
213 241
28 454
523 1390
1273 473
674 673
509 150
13 1358
359 107
122 832
324 63
130 877
46 85
60 282
137 1524
1601 449
451 346
545 64
203 198
407 557
47 550
503 249
129 415
185 313
199 549
396 244
120 119
1 0
213 147
397 397
1628 13
466 173
694 60
60 1473
633 269
886 249
8 163
129 836
122 1325
1550 749
140 266
453 87
118 457
880 521
407 283
849 30
1061 407
220 199
1061 461
221 162
549 14
86 300
332 38
23 355
32 249
31 1018
120 1089
556 396
401 264
790 195
118 1233
145 115
219 562
1367 1366
327 1633
336 1225
808 93
650 1392
79 86
998 75
207 774
1085 249
1092 311
545 28
314 120
790 10
261 1453
468 60
115 708
4 1137
297 477
1634 552
218 545
703 628
953 1615
249 694
571 1404
122 1579
73 1324
447 1041
29 53
902 327
51 894
193 9
911 10
213 584
999 120
1635 1019
165 982
499 243
254 7
1585 17
958 474
196 30
80 320
266 570
211 775
326 477
266 1176
149 1326
1512 130
355 23
82 1312
249 1636
13 384
82 1139
457 286
54 1619
193 219
17 65
1503 249
1071 1485
44 10
185 51
28 346
261 129
1369 554
345 8
28 499
326 228
499 115
423 1459
544 161
1249 203
388 343
578 47
139 683
228 14
122 488
121 89
1001 28
47 1007
1027 47
1582 316
188 717
886 318
89 172
310 128
266 953
926 223
218 1605
1351 122
749 748
491 1239
170 249
10 891
98 683
203 692
1637 87
241 623
112 133
394 80
68 725
606 122
105 38
113 1614
1015 15
10 334
250 193
327 697
982 165
1638 361
84 905
630 629
60 1069
115 186
1609 70
53 609
1069 10
1410 1048
474 193
1045 1044
361 1638
244 418
1216 15
1146 1306
1109 413
1639 122
415 129
193 311
168 194
1039 331
186 625
700 165
89 608
614 473
1640 105
372 134
30 100
466 612
156 470
9 139
510 1363
361 1576
313 283
249 147
579 300
1424 591
1641 1642
1478 147
1209 60
316 707
165 479
1239 33
15 147
779 82
494 490
953 266
139 341
1209 949
147 254
602 64
1241 1240
228 850
640 707
223 1475
13 74
316 241
919 1344
137 1471
1480 1479
519 249
628 703
699 1346
370 408
293 932
156 877
253 1347
352 51
87 1637
277 156
30 413
531 1437
318 649
209 859
757 990
188 473
1643 620
891 10
1191 61
1122 115
51 612
277 51
53 720
477 886
346 139
193 626
385 60
548 637
185 120
156 1618
1467 1644
811 1336
118 1517
10 761
297 10
147 253
735 831
1407 1645
601 10
89 480
51 63
1589 1588
297 139
829 901
291 331
411 891
769 318
33 1131
51 656
374 193
65 595
60 709
47 682
1208 1099
111 67
64 544
600 89
240 473
154 1646
555 554
509 790
544 242
61 1073
651 10
1466 193
1178 64
178 637
743 10
973 168
1153 1391
241 313
1647 1011
1046 823
1287 118
87 453
156 416
80 1102
144 10
8 480
130 688
70 1623
394 1608
154 759
1282 80
333 147
1199 1198
318 1551
221 1648
1244 139
179 189
1134 103
423 280
678 80
1219 816
231 132
316 662
418 51
1649 50
118 482
82 146
53 37
73 1051
249 520
1480 1650
579 121
1232 219
1651 1652
418 810
1017 1256
1225 1326
795 272
1019 1635
633 253
478 509
49 813
253 150
30 849
168 1527
744 743
474 286
1029 98
547 628
285 327
331 864
1570 261
462 105
501 1604
688 130
51 600
454 51
84 1653
669 625
766 193
266 720
191 53
1088 1087
228 1027
265 53
623 241
328 113
1029 219
612 64
318 886
150 115
147 60
51 265
27 318
790 1168
129 984
120 377
264 790
140 139
447 1159
1379 672
1444 407
493 51
1354 1028
115 633
726 316
14 122
139 499
8 1031
569 1538
3 2
521 308
1516 549
1156 105
152 386
1180 195
1103 1071
393 999
64 185
344 237
1293 591
718 219
156 1541
817 816
660 120
819 1057
913 564
266 356
418 147
1454 223
60 82
491 282
154 206
389 1323
53 157
57 477
137 704
216 372
103 102
1474 1625
185 318
491 953
133 47
28 545
64 145
139 241
1538 1410
194 477
64 866
491 1472
862 1654
564 338
25 472
526 1086
254 253
332 242
9 161
327 829
64 147
1540 473
697 22
82 109
105 598
116 672
327 283
120 1120
32 509
526 1419
161 712
877 139
652 451
284 73
45 1005
266 1655
181 348
699 224
712 193
272 795
1646 154
714 1046
346 64
280 118
47 1656
28 1249
242 480
60 276
264 33
791 105
272 56
17 16
1598 154
70 327
1657 70
263 30
198 1014
473 1337
102 104
28 534
667 491
283 327
1562 65
473 1367
649 64
1490 98
1521 171
50 1649
575 519
578 10
398 65
1522 28
1355 731
8 151
241 120
219 133
1 453
194 168
1096 349
365 14
461 516
949 1209
60 129
523 753
998 1301
203 1089
640 1536
67 436
168 283
620 1643
47 152
436 115
327 735
203 377
145 400
1292 165
1611 319
327 1527
664 223
917 1063
1534 272
464 147
147 15
60 59
451 277
1300 1505
98 218
221 67
322 361
22 697
1147 1049
1322 64
313 27
477 57
265 51
534 156
550 80
327 1403
249 356
1633 327
349 677
148 147
774 207
266 486
477 682
904 687
50 322
133 1058
382 13
14 53
17 1658
614 613
122 370
137 202
122 232
955 237
1133 1132
133 138
318 769
266 833
598 509
469 102
1659 1192
600 53
1013 870
1165 602
265 1177
147 162
186 249
372 1660
197 774
1149 18
139 1097
1563 424
1661 1595
185 193
86 370
327 693
1363 8
286 474
193 484
660 193
28 76
168 578
122 302
1555 82
615 318
1089 120
162 221
261 1086
47 421
687 605
1662 60
638 829
498 497
491 1174
287 193
150 144
334 10
307 143
297 156
1307 413
715 704
18 387
112 231
327 556
193 780
26 671
105 563
103 1134
1425 602
450 80
1489 84
186 115
318 178
115 5
80 394
139 1222
551 404
266 285
361 407
1135 122
10 111
36 269
377 90
407 902
23 1663
264 806
352 203
524 523
657 998
103 1664
462 1108
260 115
18 1235
1068 272
998 1462
337 168
313 241
178 8
61 928
318 534
28 957
461 1116
213 394
266 578
156 147
133 321
10 172
720 266
210 209
1300 122
401 1665
23 47
464 163
532 10
477 194
71 1197
193 1083
131 130
399 89
327 486
1666 293
1351 1350
327 718
98 1458
637 178
242 600
8 1450
8 178
53 406
190 47
1344 33
812 261
232 228
139 545
644 643
1206 107
1667 1582
1632 293
188 312
1668 334
144 400
38 105
163 249
568 80
89 887
325 80
1648 221
70 1070
193 712
120 42
1527 327
1145 913
383 64
990 491
672 1045
692 64
243 185
154 113
915 784
891 411
1294 64
1556 80
241 324
354 203
831 82
276 423
30 473
252 242
1003 549
203 627
1235 1668
225 253
138 64
388 51
474 156
193 877
1617 237
1047 491
54 51
144 243
597 596
156 661
1306 219
51 418
120 1021
474 64
60 967
310 677
218 832
685 854
1099 1098
8 186
8 1284
1669 154
545 120
518 445
1359 199
159 33
441 672
28 147
313 98
662 401
543 107
133 320
474 8
266 205
90 377
319 871
139 488
790 509
1664 103
728 1091
449 1601
1291 10
695 473
15 241
127 154
242 332
416 512
1258 452
1411 1491
1469 349
664 219
1577 491
1514 23
859 209
65 1670
249 578
67 111
27 242
1261 65
682 80
552 551
318 1321
134 36
491 567
242 147
156 858
1652 1651
120 138
1671 49
766 765
1672 1456
1063 917
142 1432
47 1637
8 341
887 115
206 154
763 70
203 1294
1239 491
711 948
625 186
139 442
905 369
7 775
473 435
98 780
111 313
493 193
761 327
902 133
148 82
887 249
919 952
1117 711
133 132
383 318
892 82
594 89
1673 672
673 53
1621 47
115 77
105 30
7 1531
772 771
601 60
5 51
121 579
494 532
711 361
1180 156
1500 569
1313 98
1168 790
8 257
921 154
70 1657
531 1028
241 10
98 1331
1595 1661
139 1674
231 694
42 316
413 1483
53 534
1452 1467
15 314
318 279
30 818
30 171
318 185
1321 318
300 86
28 302
264 401
172 60
63 51
1269 1268
104 580
998 568
1085 218
1549 393
602 568
193 664
1405 281
91 90
348 181
213 578
80 276
884 1104
232 213
60 1662
201 313
924 1184
51 226
231 112
795 168
1622 640
218 98
651 651
847 846
242 652
272 70
30 873
327 241
327 285
76 115
28 937
591 1343
322 428
885 346
993 293
70 1560
473 57
249 205
707 848
266 976
249 1031
625 669
67 1122
296 295
29 1235
129 710
956 472
1675 141
65 730
1314 80
341 122
242 121
193 252
491 896
313 428
462 491
91 1022
228 669
759 758
456 1613
577 113
1302 291
219 442
545 51
1039 1452
89 390
45 1463
60 896
1087 408
277 286
1249 10
98 540
499 89
156 96
17 1676
406 120
78 77
1023 569
70 1010
1593 188
665 318
608 8
710 722
8 633
388 1677
1028 1354
16 26
229 228
60 1678
266 1575
168 1679
388 262
266 428
477 486
130 352
8 420
1188 757
343 168
219 1680
53 596
491 1434
60 1122
313 488
875 1374
272 588
855 242
1600 491
264 783
622 18
8 499
413 1458
720 139
29 156
346 313
233 232
193 510
424 1334
1492 10
902 407
1668 1235
1011 1647
64 250
1468 602
193 1402
59 80
714 67
310 1101
1037 156
1546 1297
562 219
1093 626
274 1051
343 388
664 230
909 316
1674 139
1655 266
462 228
28 348
956 1485
2 196
937 203
64 649
720 249
64 1089
60 196
203 241
4 286
147 193
1228 799
1473 60
10 44
240 784
826 28
687 115
1363 1363
316 266
53 891
552 1634
120 204
115 488
172 64
175 174
1018 31
38 419
569 746
16 1474
640 266
51 737
1653 84
74 1238
941 836
357 710
120 185
341 53
7 1681
300 1682
231 343
15 474
64 52
1548 569
67 67
28 894
1058 1184
827 473
266 186
193 147
342 475
856 168
499 318
612 375
47 1063
913 912
1051 1595
161 341
309 628
139 1683
28 578
266 316
665 266
82 60
1576 361
89 354
778 65
596 1196
1587 491
401 662
179 1103
408 747
28 493
436 60
119 28
1154 47
1553 64
254 203
38 436
64 687
1440 596
428 156
578 249
300 1220
725 68
2 569
843 842
1629 519
130 564
1414 105
322 272
279 711
264 506
1060 331
1408 1407
139 383
194 10
1203 65
8 297
1533 1532
249 428
64 612
96 958
15 1272
346 130
519 728
51 1684
393 89
84 512
1551 47
213 277
569 1023
44 43
198 1442
156 486
130 960
806 30
894 64
1561 78
388 605
632 1685
770 60
139 174
120 9
444 171
760 168
89 27
393 28
129 549
51 228
80 678
668 743
1282 47
77 47
56 272
231 194
1035 895
480 120
193 541
115 1122
418 534
394 699
105 1640
1265 89
998 371
749 1439
199 40
494 171
713 193
1630 254
172 47
60 468
318 406
60 778
781 161
47 10
252 313
228 326
74 1129
1037 47
1463 45
107 1206
279 278
113 577
1017 1603
1499 193
1122 8
1053 30
708 1158
253 147
49 654
1035 519
28 144
499 451
374 635
608 253
120 354
398 155
699 515
213 428
196 2
346 120
1541 209
77 115
161 172
499 139
318 894
766 139
896 808
1686 651
283 133
1129 74
478 477
10 196
139 486
122 1159
67 913
137 1687
1005 388
139 877
139 660
756 199
193 1351
901 480
682 477
219 909
1572 709
65 1688
998 830
697 464
28 474
89 241
80 1474
752 1175
310 73
248 247
253 633
738 129
264 17
604 1689
53 802
193 720
722 120
474 313
331 660
174 139
139 348
1077 473
230 242
1610 473
369 368
1163 147
40 199
281 1302
249 186
171 30
8 158
227 219
390 28
67 28
564 428
8 241
203 454
625 1436
903 1690
1573 8
30 105
323 1354
1574 78
601 67
28 1373
254 8
64 341
334 313
723 917
10 227
28 345
700 310
189 179
1395 331
406 122
832 218
1590 766
167 431
14 407
1254 1253
47 23
421 124
10 829
23 1691
219 1692
1210 1209
139 1244
617 639
49 1671
163 242
65 174
944 1596
1193 802
193 341
244 327
154 1669
38 37
581 491
28 277
1165 65
161 480
1565 64
1017 1398
28 649
877 130
73 1243
998 469
154 156
90 28
10 147
581 428
1557 121
480 242
203 354
602 212
118 1287
65 410
277 64
139 1061
951 2
249 829
266 1085
64 442
242 27
242 230
928 61
1090 1089
1057 1612
141 1675
1048 411
1678 60
885 694
775 211
529 168
343 186
133 248
407 1693
28 67
468 8
193 366
1118 2
565 64
54 313
266 178
692 193
1645 1407
1459 281
772 1422
1606 45
158 100
1515 10
1644 1467
89 346
781 28
477 297
104 19
47 1282
1049 393
1536 347
63 115
604 232
650 37
165 156
147 115
886 313
1539 105
314 15
1607 473
1370 11
999 393
1517 118
4 115
64 743
605 388
120 399
339 338
549 199
219 384
704 703
156 1275
734 118
984 983
597 372
1694 178
19 104
1157 1156
8 76
472 1529
681 64
386 407
193 661
218 1085
259 28
545 318
156 345
1421 1420
214 98
15 1448
115 9
266 1601
10 1679
388 611
213 144
1364 23
32 231
219 1522
1695 249
775 1696
138 120
242 241
95 94
254 1630
186 53
818 30
346 473
578 165
122 856
376 50
595 17
1165 1482
156 277
1149 386
174 53
864 154
1413 7
651 1686
168 907
1027 249
74 943
1023 519
500 342
608 15
64 602
1441 709
474 120
1311 118
220 775
1620 722
1697 408
464 463
193 499
222 221
232 519
363 362
526 1698
1580 122
519 1699
10 510
1085 266
1636 249
1642 1641
354 161
526 525
129 128
518 699
49 1283
357 1
408 1700
89 454
960 130
60 665
249 1085
775 296
774 143
512 1176
552 206
53 14
871 961
104 102
19 1602
1 1554
998 650
710 129
18 1578
1698 526
89 399
1501 300
718 228
845 844
1485 1071
798 64
1424 134
1637 47
909 219
165 1410
356 1057
640 903
1180 153
156 428
408 1697
1630 473
115 150
568 47
319 610
47 1118
436 38
293 1666
171 22
282 64
249 321
1076 793
89 201
1027 1701
17 143
155 1702
165 1508
139 277
855 322
1239 198
195 790
290 28
347 1536
33 1344
361 668
27 258
473 477
115 881
1627 64
178 1694
266 241
509 32
89 600
1220 801
586 4
1456 1672
122 1639
1192 1659
198 64
690 322
237 955
456 901
122 1333
1457 1456
640 128
187 186
609 53
503 179
1326 210
1212 1211
509 486
1455 1410
383 78
266 503
139 352
16 404
327 32
82 81
1356 219
47 1320
327 178
262 388
407 1217
376 15
416 407
1689 604
1242 15
228 462
1569 719
73 324
203 352
105 462
1660 372
486 509
1410 1410
534 64
1192 949
139 428
1497 1192
154 864
413 412
161 160
690 1417
102 657
1057 819
401 53
70 1703
8 221
1576 104
1086 118
198 65
727 643
51 474
172 10
18 1463
143 17
470 156
150 253
636 1382
694 133
405 133
113 328
92 130
1506 57
313 562
504 365
1679 10
120 999
154 1704
1484 752
388 57
67 282
1383 84
241 8
974 219
141 434
699 259
660 203
1118 139
5 5
130 835
29 153
10 532
265 64
243 499
242 544
919 918
509 337
529 80
150 8
322 1343
228 796
242 163
858 51
115 346
706 19
1122 901
154 1084
1111 8
769 509
112 120
1612 1057
327 795
1015 451
519 575
23 444
25 1285
784 915
751 139
193 250
829 249
281 979
60 401
1420 67
64 1043
1544 13
15 376
13 740
493 139
1320 80
60 105
1688 65
672 1673
538 1705
1416 372
763 238
519 1202
353 266
334 1668
47 568
1099 1380
1389 816
74 308
8 937
129 923
130 1321
1693 407
1428 1427
512 1072
30 140
10 241
504 50
64 545
569 929
4 103
1344 919
139 720
249 129
28 252
156 33
7 1413
499 10
168 795
317 51
901 829
51 881
144 213
199 220
510 203
1436 625
193 809
1475 223
499 203
1037 318
372 1416
84 305
785 137
643 1021
1187 13
29 264
252 199
864 331
1130 219
401 30
660 139
711 1117
296 775
1084 401
387 18
475 53
312 51
871 191
122 1135
1128 1436
356 249
252 28
1703 70
80 77
6 815
826 64
794 113
77 349
1624 1022
70 1475
1272 122
143 279
346 122
1626 203
193 1249
291 1042
64 1252
663 397
60 33
89 121
520 249
601 205
249 503
665 193
241 15
154 133
147 89
105 593
105 1423
15 232
488 64
420 47
133 244
242 712
23 1514
1452 1452
51 1461
807 219
1705 538
1264 913
144 378
38 332
219 169
251 107
249 1695
1208 1072
836 941
313 297
612 269
193 633
596 53
64 858